464845257490219009
516515957011824641
370576525394329601
346981131987664897
441029497206292481
320906373608783873
537518325241446401
394146950358532097
327629276470394881
501900057520095233
353083209667117057
297861473150550017
506704055729471489
367177220482695169
408648345661095937
510996550004310017
574465810129125377
439640999423082497
556912525363904513
316056198840188929
539401634259877889
519206184876359681
516000607116361729
465062838774005761
511398239033081857
565822699498651649
403751221784297473
490118668894273537
401829959591510017
317620288895057921
538680691160088577
453317494093037569
496636142668349441
395472506318553089
358138578114428929
440611978106060801
314410917227937793
391330563725131777
544144702317002753
561651601147133953
381277152218202113
503805169578999809
491680711221460993
478772065748238337
575095473352523777
521813182608408577
488305698013954049
513036979508641793
515656928612810753
544476148274085889
